function dspd = getDSPD()
dspd = [300,0.0400000000000000,0.0200000000000000,0;305,3.02000000000000,2.26000000000000,1;310,6,4.50000000000000,2;315,17.8000000000000,13.4500000000000,3;320,29.6000000000000,22.4000000000000,4;325,42.4500000000000,32.2000000000000,6.25000000000000;330,55.3000000000000,42,8.50000000000000;335,56.3000000000000,41.3000000000000,8.15000000000000;340,57.3000000000000,40.6000000000000,7.80000000000000;345,59.5500000000000,41.1000000000000,7.25000000000000;350,61.8000000000000,41.6000000000000,6.70000000000000;355,61.6500000000000,39.8000000000000,6;360,61.5000000000000,38,5.30000000000000;365,65.1500000000000,40.2000000000000,5.70000000000000;370,68.8000000000000,42.4000000000000,6.10000000000000;375,66.1000000000000,40.4500000000000,4.55000000000000;380,63.4000000000000,38.5000000000000,3;385,64.6000000000000,36.7500000000000,2.10000000000000;390,65.8000000000000,35,1.20000000000000;395,80.3000000000000,39.2000000000000,0.0500000000000000;400,94.8000000000000,43.4000000000000,-1.10000000000000;405,99.8000000000000,44.8500000000000,-0.800000000000000;410,104.800000000000,46.3000000000000,-0.500000000000000;415,105.350000000000,45.1000000000000,-0.600000000000000;420,105.900000000000,43.9000000000000,-0.700000000000000;425,101.350000000000,40.5000000000000,-0.950000000000000;430,96.8000000000000,37.1000000000000,-1.20000000000000;435,105.350000000000,36.9000000000000,-1.90000000000000;440,113.900000000000,36.7000000000000,-2.60000000000000;445,119.750000000000,36.3000000000000,-2.75000000000000;450,125.600000000000,35.9000000000000,-2.90000000000000;455,125.550000000000,34.2500000000000,-2.85000000000000;460,125.500000000000,32.6000000000000,-2.80000000000000;465,123.400000000000,30.2500000000000,-2.70000000000000;470,121.300000000000,27.9000000000000,-2.60000000000000;475,121.300000000000,26.1000000000000,-2.60000000000000;480,121.300000000000,24.3000000000000,-2.60000000000000;485,117.400000000000,22.2000000000000,-2.20000000000000;490,113.500000000000,20.1000000000000,-1.80000000000000;495,113.300000000000,18.1500000000000,-1.65000000000000;500,113.100000000000,16.2000000000000,-1.50000000000000;505,111.950000000000,14.7000000000000,-1.40000000000000;510,110.800000000000,13.2000000000000,-1.30000000000000;515,108.650000000000,10.9000000000000,-1.25000000000000;520,106.500000000000,8.60000000000000,-1.20000000000000;525,107.650000000000,7.35000000000000,-1.10000000000000;530,108.800000000000,6.10000000000000,-1;535,107.050000000000,5.15000000000000,-0.750000000000000;540,105.300000000000,4.20000000000000,-0.500000000000000;545,104.850000000000,3.05000000000000,-0.400000000000000;550,104.400000000000,1.90000000000000,-0.300000000000000;555,102.200000000000,0.950000000000000,-0.150000000000000;560,100,0,0;565,98,-0.800000000000000,0.100000000000000;570,96,-1.60000000000000,0.200000000000000;575,95.5500000000000,-2.55000000000000,0.350000000000000;580,95.1000000000000,-3.50000000000000,0.500000000000000;585,92.1000000000000,-3.50000000000000,1.30000000000000;590,89.1000000000000,-3.50000000000000,2.10000000000000;595,89.8000000000000,-4.65000000000000,2.65000000000000;600,90.5000000000000,-5.80000000000000,3.20000000000000;605,90.4000000000000,-6.50000000000000,3.65000000000000;610,90.3000000000000,-7.20000000000000,4.10000000000000;615,89.3500000000000,-7.90000000000000,4.40000000000000;620,88.4000000000000,-8.60000000000000,4.70000000000000;625,86.2000000000000,-9.05000000000000,4.90000000000000;630,84,-9.50000000000000,5.10000000000000;635,84.5500000000000,-10.2000000000000,5.90000000000000;640,85.1000000000000,-10.9000000000000,6.70000000000000;645,83.5000000000000,-10.8000000000000,7;650,81.9000000000000,-10.7000000000000,7.30000000000000;655,82.2500000000000,-11.3500000000000,7.95000000000000;660,82.6000000000000,-12,8.60000000000000;665,83.7500000000000,-13,9.20000000000000;670,84.9000000000000,-14,9.80000000000000;675,83.1000000000000,-13.8000000000000,10;680,81.3000000000000,-13.6000000000000,10.2000000000000;685,76.6000000000000,-12.8000000000000,9.25000000000000;690,71.9000000000000,-12,8.30000000000000;695,73.1000000000000,-12.6500000000000,8.95000000000000;700,74.3000000000000,-13.3000000000000,9.60000000000000;705,75.3500000000000,-13.1000000000000,9.05000000000000;710,76.4000000000000,-12.9000000000000,8.50000000000000;715,69.8500000000000,-11.7500000000000,7.75000000000000;720,63.3000000000000,-10.6000000000000,7;725,67.5000000000000,-11.1000000000000,7.30000000000000;730,71.7000000000000,-11.6000000000000,7.60000000000000;735,74.3500000000000,-11.9000000000000,7.80000000000000;740,77,-12.2000000000000,8;745,71.1000000000000,-11.2000000000000,7.35000000000000;750,65.2000000000000,-10.2000000000000,6.70000000000000;755,56.4500000000000,-9,5.95000000000000;760,47.7000000000000,-7.80000000000000,5.20000000000000;765,58.1500000000000,-9.50000000000000,6.30000000000000;770,68.6000000000000,-11.2000000000000,7.40000000000000;775,66.8000000000000,-10.8000000000000,7.10000000000000;780,65,-10.4000000000000,6.80000000000000;785,65.5000000000000,-10.5000000000000,6.90000000000000;790,66,-10.6000000000000,7;795,63.5000000000000,-10.1500000000000,6.70000000000000;800,61,-9.70000000000000,6.40000000000000;805,57.1500000000000,-9,5.95000000000000;810,53.3000000000000,-8.30000000000000,5.50000000000000;815,56.1000000000000,-8.80000000000000,5.80000000000000;820,58.9000000000000,-9.30000000000000,6.10000000000000;825,60.4000000000000,-9.55000000000000,6.30000000000000;830,61.9000000000000,-9.80000000000000,6.50000000000000];
end